141
1 2 0
0 2 0
0 2 12
1 2 21
0 2 3 01
1 3 0
0 3 0
0 3 12
0 3 22
1 3 2
1 3 3
0 3 31
1 3 33

1 4 0
0 4 0
0 4 12
1 4 21
0 4 3 01
1 5 0
0 5 0
0 5 12
1 5 23
1 5 3 01

1 6 0
0 6 0
0 6 12
1 6 21
0 6 3 01
1 7 0
0 7 0
0 7 12
0 7 22
1 7 2
1 7 3
0 7 31
1 7 33

1 8 0
0 8 0
0 8 12
1 8 21
0 8 3 01
1 9 0
0 9 0
0 9 12
1 9 2
1 9 3 01

0 10 0 
1 10 0
1 10 03
0 10 13
0 10 22
1 10 3

0 11 0 011
1 11 0
1 11 03
0 11 1
0 11 22
1 11 3

0 12 0 
1 12 0
1 12 03
0 12 1
0 12 22
1 12 3

0 13 0 011
1 13 0
1 13 03
0 13 13
0 13 22
1 13 3 01

0 14 0 011
1 14 0
1 14 03
0 14 13
0 14 22
1 14 3

0 15 0 011
1 15 0
1 15 03
0 15 13
0 15 22
1 15 3

0 16 0 011
1 16 0
1 16 0
0 16 1
0 16 22
1 16 3

1 17 0
0 17 02
1 17 0
0 17 12
1 17 1
1 17 3